5
3
48
-91
-83
-68
-53
1
-44
-73
76
95
-95
-15
-88
8
-70
42
-12
27
58
-6
77
-94
-65
85
-81
68
-2
51
14
-19
-48
50
-73
-20
43
-33
-12
29
-62
37
-29
-18
0
47
98
65
68
-74
-61
-33
-54
64
-17
-1
59
97
47
47
37
-77
-10
32
-80
78
-11
-54
30
31
33
7
-75
59
72
90
-57
34
-7
17
12
-45
59
-34
-15
70
65
28
-98
1
-43
-4
-29
7
-4
90
-49
13
18
41
-58
56
51
-9
83
30
-9
-99
-22
-41
-85
-59
55
-53
-97
48
3
-83
85
61
19
77
28
4
-24
76
65
5
-8
72
-73
-5
-46
-99
3
-18
72
34
-83
32
67
-89
38
-22
12
-92
8
-29
-59
-12
-30
-77
-97
80
-91
79
93
91
-97
-86
-63
-67
70
85
34
-65
30
-42
-16
81
-13
-45
35
85
-73
29
-56
-95
46
-39
63
-72
25
-60
-65
-33
54
52
-66
-95
-53
47
-17
29
90
-48
-33
-72
-72
64
79
-27
27
84
2
-6
-24
6
-17
-5
64
51
74
-42
-5
87
-93
26
27
-42
54
-20
-19
-10
-18
-40
75
-80
41
-9
-46
89
-30
93
-33
-57
-88
-72
26
-17
-91
-30
88
-87
-17
1
0
2
2
2
1
0
0
0
0
0
3
2
1
1
0
0
1
1
1
1
0
0
2
0
1
2
2
2
1
-1
