5
5
37
56
-99
36
-82
40
11
56
59
-36
-84
98
-27
29
-89
-18
-49
-88
-14
-7
-52
-81
79
4
-43
26
60
50
52
77
53
38
-87
-55
7
29
-12
10
35
-60
-94
5
1
-18
31
23
13
1
-9
65
-14
59
-76
-19
-54
-99
11
-18
-35
30
4
90
-43
86
-11
-37
70
-31
77
96
-15
-45
60
1
94
45
49
-16
52
80
-80
50
-5
1
-42
-36
-76
43
-6
-99
-47
26
-53
-45
-85
57
13
-30
64
-28
-75
-51
-76
-68
19
-40
44
42
17
12
93
32
-64
87
-16
69
67
84
12
-79
-33
79
24
-92
-6
-12
-96
-52
-19
-94
-28
-91
22
-52
31
-65
-43
47
63
60
91
89
-54
68
67
-84
-88
2
-67
-89
-37
-16
6
95
-72
-62
56
17
-3
-89
21
2
15
-57
58
9
35
31
-94
90
54
-24
42
6
76
-90
61
56
-87
-65
56
31
90
72
12
12
-87
-80
89
13
22
-92
-54
51
93
-62
36
-51
-85
41
97
65
34
33
57
-19
69
-64
66
25
-84
77
41
46
-36
-70
-95
-4
75
64
41
15
10
96
-70
-10
6
1
-84
7
21
94
-1
23
53
-64
11
35
-25
-34
-1
57
5
57
-78
71
-15
-30
-64
88
86
86
37
61
-40
-48
-25
43
-26
33
44
26
52
-51
-57
30
15
-72
34
16
99
-90
-92
44
56
-45
-23
-67
35
67
-40
79
-66
-38
52
-43
26
65
30
-73
-9
-20
-92
-16
-70
-63
6
-1
23
-53
-32
-29
-93
-64
-91
37
50
-37
77
-94
3
70
-48
-89
30
-57
-56
59
62
46
1
29
8
-80
-68
74
-26
88
91
31
39
4
-41
-83
88
66
-71
79
29
-27
-20
-40
-40
20
-6
9
65
-92
5
-89
-36
-26
-52
85
-76
34
8
-25
54
-98
-74
73
-37
40
-34
85
23
-57
-71
-68
-90
32
43
-68
62
26
-4
-6
60
-14
82
71
56
12
-66
-79
-31
-24
-97
-66
-10
79
-68
-36
21
-30
-13
-5
-71
-22
24
-19
-84
-88
-50
30
-14
-79
59
-16
99
-62
-73
-19
-28
73
-71
-86
-46
69
96
60
57
77
55
98
-20
22
-80
-29
93
15
-25
-39
-6
18
29
-34
80
42
-45
84
-32
-35
25
19
72
23
-55
71
82
23
14
-34
53
21
86
75
-47
-55
98
52
-93
8
-53
-64
21
-74
8
-67
28
-52
48
-21
-50
90
-49
-58
-97
25
95
14
40
-66
-13
-67
50
70
-35
45
-38
5
-25
-58
71
13
23
-19
-65
18
-23
-7
33
-37
-9
3
-80
69
9
61
16
10
62
-13
-14
0
78
-42
-95
-93
-2
-63
90
-3
-36
58
-36
62
-57
-57
50
-25
87
-62
-80
-20
-56
91
52
87
96
92
-27
-81
50
63
21
20
-87
-65
56
-44
62
40
-85
-27
-51
38
39
39
23
-23
5
-63
62
8
55
-36
-24
-45
6
87
6
-45
93
96
8
75
-51
0
51
-97
-12
-61
-54
-33
-72
3
94
62
-70
-46
62
15
75
90
87
-82
7
0
40
24
-13
4
-4
54
69
-36
81
44
67
-16
-55
-36
8
-58
-72
16
46
49
41
-9
30
7
43
91
13
-95
-3
82
-76
-73
-14
-39
-62
-4
85
-33
-30
-14
23
-52
-43
-82
31
-77
-50
-12
-18
-30
-52
-16
-28
-49
-36
64
-53
40
-75
-5
-90
38
68
-49
45
-17
-23
23
93
-94
90
-81
10
-89
60
51
50
-82
12
-80
37
-99
-5
-58
97
66
84
72
81
-58
-42
51
-72
-2
57
-8
-36
19
-17
22
36
-26
-19
-88
43
49
50
-70
56
-56
-86
-95
-42
73
91
43
-23
-4
-9
-9
69
-62
61
-35
7
-93
-58
-68
10
-55
56
72
65
3
-36
0
-32
-9
-76
-89
-60
21
77
-11
-69
-63
96
-28
-43
33
-57
75
-96
29
-67
12
37
-50
61
81
-17
-52
-1
33
-72
-91
-94
25
80
89
30
-73
-26
-66
-53
-39
67
-83
-9
-91
22
-79
-53
-2
71
-78
-13
-3
65
-61
50
2
20
-95
50
-21
-12
-73
-18
-54
-90
-69
61
-86
73
52
-19
-72
-5
65
-88
93
-65
-40
-43
18
66
-65
-35
-64
-87
27
-51
-79
-20
59
-49
34
68
83
27
45
30
-55
-4
-68
68
-42
45
-62
-27
-55
59
-68
-49
-22
-85
45
92
-50
13
7
70
-57
72
-67
42
-82
36
11
85
43
-62
16
-60
1
-11
34
-34
-92
-96
-26
49
-58
-11
80
-32
-66
-81
53
85
33
-42
53
-10
-21
11
-74
-86
55
-53
-5
1
-87
-45
-12
26
-15
35
12
-11
-39
35
46
-32
19
-12
50
-62
22
-63
43
37
-56
-32
-24
-81
-88
-76
-78
36
94
-58
-27
97
34
-99
0
35
91
2
-15
48
80
67
64
-10
-90
-20
28
-72
11
21
-65
-1
0
-19
70
47
-55
14
-91
-97
-73
57
37
-67
-77
-72
6
0
-63
-56
-59
-55
27
-2
-87
-78
28
-13
-33
0
-11
-10
0
-36
-48
75
9
88
-22
-99
-72
-59
-72
-32
80
-7
-39
-9
74
27
17
89
-60
-54
-36
68
-89
96
70
-17
-18
89
-22
71
-79
-25
-83
-39
63
18
-50
89
22
52
-48
50
-19
-59
49
-80
-64
6
57
-74
-23
91
-10
24
2
64
-11
28
-35
-90
99
56
45
45
57
62
-84
13
-35
-83
75
-35
65
1
-39
-14
-66
-38
28
67
-5
-3
84
92
48
-22
13
90
-6
15
55
-62
-51
39
-40
72
-34
93
46
16
-38
15
77
-58
74
-9
-75
-80
-30
2
-93
-71
94
-16
-50
-34
62
47
-44
-65
22
80
2
30
25
-61
19
42
-78
-24
11
-20
70
-68
-60
-48
-21
-32
-91
24
14
-61
-34
92
-79
52
61
-20
-39
-17
61
-25
-13
16
-38
-38
77
94
45
59
73
89
57
-57
-60
-3
-87
-88
-42
-1
35
38
43
79
61
58
-75
-13
14
-48
-90
-21
92
32
-47
-57
92
-98
-95
-69
-76
27
-66
3
-58
-33
37
-63
76
-74
-14
-30
52
38
61
-92
-32
-85
81
-56
67
22
9
3
17
-82
98
46
92
91
-79
-55
23
-60
82
-77
22
80
32
28
-8
-1
-55
83
96
54
-98
-55
65
19
27
-36
-66
98
-66
-56
41
-28
28
47
38
83
80
15
26
-5
-80
8
-66
-40
-75
26
-97
42
92
5
70
-26
-58
-65
22
10
85
-39
-88
26
-23
-49
-64
45
87
-95
51
-44
-3
93
-22
-21
50
-57
0
-75
93
-26
-54
30
60
51
65
-74
-5
-82
12
43
97
-6
62
0
-54
-55
71
78
-80
72
66
-72
-81
-24
20
-88
-66
-81
-16
-4
42
-56
-47
33
58
20
-81
-49
-89
-85
-92
94
-33
54
35
-72
-10
-50
48
-58
48
80
34
99
-97
-57
-49
-26
-17
-67
-30
-5
-53
41
39
-31
85
97
18
-35
32
35
-25
32
19
69
-72
-47
-63
-17
37
-31
97
81
-23
28
97
-95
54
39
-52
-54
-87
5
-97
-78
-72
9
-30
44
-9
0
-6
-88
41
99
93
24
33
33
-78
47
41
-92
-51
-96
52
14
41
-59
53
16
85
-46
-41
-25
81
-67
60
-23
-23
50
4
-65
-94
-21
-4
-60
54
51
-45
-18
60
56
97
-11
78
61
-49
-50
-72
-69
88
-31
-41
61
44
13
-75
79
-65
-79
90
-96
-49
-71
-98
-86
17
-45
18
18
-12
46
-91
10
85
-51
31
-38
47
96
87
-24
69
31
12
59
5
-93
-25
-22
-77
92
8
-71
-89
-38
68
-75
88
6
-73
71
25
-79
53
-60
27
16
-18
-79
78
66
-44
-59
-26
87
-16
91
68
36
62
42
95
-23
34
0
-3
-95
-46
89
76
47
-37
-74
90
85
-72
-43
16
-89
48
-29
-45
61
73
-37
-89
-40
83
-53
52
65
-69
-81
5
74
-89
28
12
24
-73
-6
-76
29
67
39
40
24
-59
-46
-24
-28
-16
-77
-92
-94
10
48
-32
77
22
1
79
-32
-91
89
-11
32
38
-53
60
67
-1
90
-71
29
1
-63
-77
25
-24
29
98
1
-90
71
54
11
-48
57
-92
89
-37
-24
-69
-38
-84
-86
-77
46
92
6
49
-55
-41
8
-45
18
90
90
21
29
-84
-52
96
-82
18
-5
-64
46
7
-53
83
49
91
-62
-51
-4
18
-89
-23
55
-24
-69
-8
-9
-73
-44
-75
-95
-72
-19
-3
-9
-73
34
-97
-71
-50
88
88
-66
-49
51
98
-79
-34
58
39
77
-37
-39
-97
-41
-79
-47
-28
46
-34
-65
75
94
-78
-70
-79
27
-30
81
0
48
76
18
63
18
-74
63
-17
83
17
-51
-28
-9
-32
29
-25
71
87
87
45
28
-2
-89
-8
-29
68
81
-69
-27
96
47
-31
96
51
-16
12
-96
-84
-65
-93
-9
-60
-98
83
-67
-69
-75
-19
93
68
23
-70
-38
65
-29
24
-37
-26
-76
20
-53
28
-16
88
-27
51
58
25
91
-75
-15
-83
-4
-14
-93
29
-52
-76
86
28
17
53
-69
90
-39
-99
18
96
70
-69
77
71
71
60
-35
-6
-76
-31
85
-87
23
-13
23
-53
-30
14
-14
-66
61
33
-61
44
-3
-35
73
-18
-25
91
94
25
89
-67
86
-15
-70
-8
-66
-13
12
80
-50
88
72
-38
70
21
32
19
-4
-52
-29
72
28
-75
-4
42
-86
-31
-70
-76
41
31
42
28
73
-3
15
37
-94
90
-9
-13
8
-70
-15
8
97
86
-89
-12
56
95
-10
-49
-81
-67
-41
-6
90
43
12
54
-83
-41
84
-58
-74
-66
67
18
65
64
-15
23
86
-12
-2
35
-44
-80
91
57
61
94
-77
94
-53
-29
24
74
-72
71
18
-89
17
-34
87
-43
22
62
-69
-25
12
-17
90
39
85
-32
-20
-42
-57
37
-89
57
-14
-89
50
-43
19
-53
36
30
-48
-86
67
-60
-42
2
50
72
30
-62
-38
34
9
-23
-48
-73
58
-18
-79
57
22
14
35
69
86
0
60
54
85
21
67
-29
0
65
78
0
89
-41
62
-28
-18
-79
3
68
23
25
-41
9
9
-24
-25
-62
85
98
-81
-62
-26
77
-3
68
20
44
-14
-4
-20
-27
-89
43
-46
80
32
-9
58
1
-80
-40
-7
-66
-70
97
79
-48
-23
49
79
-20
-75
53
10
4
30
-43
66
78
61
-40
89
-82
45
-96
-18
-17
18
47
6
-23
-82
36
-37
17
-50
-68
-81
14
-31
8
-4
-82
6
41
-46
3
39
-14
2
8
-96
-68
20
-88
-23
43
-25
59
87
-63
43
79
-53
98
82
94
44
96
-20
-93
28
-52
75
-59
9
97
45
-27
-23
52
18
-89
62
-43
69
10
-9
21
9
80
78
76
-2
-71
-60
35
1
-15
99
-3
-60
38
-85
-46
-37
90
10
69
-94
-72
66
96
37
-72
21
-56
-91
4
10
35
-4
53
79
45
-58
45
-36
37
-68
-51
-86
-34
8
-64
-98
1
0
37
89
18
-34
16
58
25
30
-45
-13
-94
34
-99
51
-39
-79
91
-54
-23
-90
-61
98
6
-23
68
-17
43
-53
-67
84
-28
-85
-44
-63
-5
-84
-59
-21
91
71
86
84
48
34
68
-21
-70
53
-89
-5
47
94
62
55
43
-48
-52
55
-84
-61
-73
-6
16
74
-30
45
53
40
-22
18
14
-54
37
9
66
26
71
-86
73
-20
-54
-53
-10
5
-31
-57
65
89
64
-47
-13
72
25
-68
48
-74
15
-95
-64
32
-50
-39
-36
1
-25
-57
-35
-12
-60
4
72
-49
-10
-12
3
84
-36
-55
1
-75
-50
-47
90
-91
-22
89
-71
-22
-15
-72
-55
21
-94
-22
-8
-71
-55
35
-25
-93
83
79
-81
-70
-82
24
-76
75
82
-42
43
-33
-41
-47
-47
70
-16
38
-57
-52
86
44
67
-44
-87
-4
-96
-21
-31
56
-42
-62
90
-73
-75
93
57
12
91
3
-65
-50
-84
42
65
22
-84
25
-10
82
84
-17
94
5
-63
-45
34
-8
-71
-92
-36
62
-77
68
9
-62
30
-64
84
-1
-12
54
-11
96
10
75
74
-68
-65
-2
17
-16
5
60
-37
34
-57
14
-88
-21
-42
13
58
25
70
-37
60
15
-80
-7
-27
4
-18
-4
-39
-39
57
83
28
57
-46
-43
-23
22
-18
-37
28
19
54
9
-71
-90
-45
28
25
-95
-4
42
31
-75
-45
-72
-70
-78
42
77
37
56
-3
55
18
94
-88
0
27
76
-34
-67
-48
-17
-89
11
-1
83
-54
-20
20
76
55
95
33
83
-13
-5
46
68
-41
-26
69
-69
51
-96
-21
-33
36
-84
-1
91
10
-72
46
22
-84
-22
95
8
-99
85
83
-73
-89
-38
-42
-79
55
47
-59
-96
-66
70
-97
15
18
97
-30
-14
10
-1
48
-8
-90
-33
61
-48
-62
47
76
-53
33
56
18
-50
-78
-20
59
-36
-90
-69
13
2
33
84
94
-9
-33
57
66
84
-18
-48
-80
95
-17
34
44
88
-60
43
-7
-15
-34
28
89
63
-51
21
-71
45
-48
-21
-56
-88
-96
-93
78
86
-87
-74
-19
97
-64
-99
6
-3
-8
-51
40
5
15
29
56
33
-66
12
71
-15
-13
-5
57
-94
16
43
4
-24
13
72
-64
-1
-9
0
-92
-98
-54
-54
9
74
18
-49
96
61
-93
-5
15
52
-14
-21
-57
46
-56
19
-48
27
29
-43
6
2
-2
-12
23
-87
30
-44
-28
3
-91
10
-86
16
-18
-53
-48
-49
-65
65
-72
32
93
-26
15
57
-94
75
-93
87
83
-41
-97
10
62
66
-15
-28
-29
-46
-92
-58
-60
-51
-55
-47
95
-27
96
5
34
61
26
94
-20
-98
21
16
-2
39
-90
23
9
-17
23
50
17
-41
-33
80
-38
53
-20
61
-65
-64
4
55
48
-27
94
-72
33
-66
41
77
-95
-75
9
60
58
39
36
-3
67
-58
63
-94
85
99
82
-25
-66
48
-74
75
-63
-64
78
-28
98
-65
-79
98
17
-84
16
33
-76
-20
-63
21
44
-92
0
10
61
-7
-72
-91
62
-26
-57
71
-44
-91
-87
-58
-50
-72
50
-70
65
5
-33
42
11
-14
10
41
-28
81
91
-22
-41
9
88
-1
-98
2
-92
22
79
-3
-8
96
-66
-6
-62
8
-82
84
40
63
-59
38
-84
16
-78
65
15
39
-23
-52
22
-24
49
17
-12
-83
-50
-39
-43
-86
-79
4
-45
19
53
-40
-38
66
-69
-21
-51
-46
26
-47
10
34
-58
-26
-57
0
11
-52
87
24
5
93
-28
-34
-58
-66
-23
-57
25
-70
26
-5
88
63
40
-56
59
33
31
43
-36
-12
-87
8
16
14
-79
60
-20
67
77
-43
-62
-35
-64
-51
-24
-66
22
-26
-27
61
-81
83
33
46
-26
11
87
51
-57
72
22
-25
26
-56
31
39
53
-47
-66
8
34
66
38
31
78
-49
-86
-35
-45
73
-75
61
21
-72
-96
98
96
47
96
-28
-71
27
-95
-37
-21
-89
78
-49
-58
45
-16
-32
87
-37
-22
92
85
-95
-6
-98
1
-97
85
11
87
66
35
6
7
88
79
2
41
-88
9
96
28
-22
82
-26
-71
-70
0
20
-76
15
-54
45
-14
-17
95
-70
-52
67
16
-23
-96
-86
52
-32
66
61
71
-79
-29
75
-24
0
4
-74
99
-11
-38
55
21
-34
-74
53
45
-8
-59
69
-15
-45
83
-95
48
-82
52
99
69
-65
11
-88
38
75
71
-72
-79
-20
52
31
-41
-23
-6
-7
-63
-94
52
71
-40
-70
43
96
98
-27
84
24
-15
-65
-18
78
-37
48
-88
-81
10
-72
-86
14
65
66
-68
-95
-75
37
-88
-42
39
52
-71
36
41
-4
-49
-36
17
-20
87
-92
85
65
28
-68
-36
-57
83
-48
-9
-98
-8
51
4
44
-41
7
-73
-10
49
-60
1
34
47
-43
-48
-75
42
61
-82
-34
-67
-68
60
-81
-27
85
56
-50
75
-32
63
-34
-16
57
49
-77
12
-8
6
92
-77
66
45
12
65
-59
9
25
3
-63
-85
28
73
96
-33
-62
49
-69
-29
22
9
46
4
21
41
4
-31
79
4
74
53
28
-28
59
1
2
2
2
2
2
-1
