4
5
-45
25
-46
-3
18
2
-1
9
-60
-12
93
53
-39
-24
-34
96
-43
89
-94
22
40
13
-42
14
90
18
-6
54
-55
-5
3
58
62
-32
34
-11
57
-18
33
4
46
33
47
-52
50
-44
-80
71
95
54
-64
79
11
46
2
-69
37
22
-53
63
-73
-79
47
10
-93
-2
-79
-64
-27
94
89
37
-99
-36
80
61
17
-92
-33
-11
20
-63
-46
-43
26
36
-92
-85
-47
53
5
33
-28
-60
52
-97
99
-15
31
-89
87
-74
-84
98
-42
-25
-45
-81
86
25
-61
80
15
-23
-45
-37
-70
98
-85
-45
86
11
47
74
73
-48
-17
-30
-16
-34
45
72
2
-6
68
-4
74
2
31
-80
73
18
46
96
55
82
42
-44
-22
62
-17
-50
67
44
86
-66
34
-82
10
-85
-29
26
-73
23
-50
-59
-68
55
-62
-88
2
34
37
-13
67
-34
90
42
-45
35
-8
81
-86
15
61
-75
23
-67
-6
12
72
58
6
64
-95
41
-45
-73
-79
9
-95
24
-23
83
-37
52
17
35
-23
-20
95
-88
-93
-46
11
2
-46
75
14
90
33
93
-89
-45
82
-22
-87
83
29
-86
8
-47
-32
90
-30
29
-67
-83
60
38
-54
-67
41
-2
-17
71
0
-68
-8
-26
-74
-65
99
62
-1
-48
69
-64
37
-86
53
-88
-91
24
-86
-76
0
-17
-4
38
-62
65
-64
29
93
65
9
74
-75
-23
20
90
24
45
-82
-43
17
-8
52
45
-5
81
-76
-83
-45
-61
-96
51
18
41
55
-47
66
70
85
71
-77
-77
-38
23
-94
-91
37
83
6
-34
-15
48
66
22
-60
-37
-64
25
2
-28
53
5
-17
-73
0
-30
-46
-34
15
-40
-2
1
-92
92
-61
-12
-81
-50
-92
-20
-40
84
64
20
75
-73
-18
-7
-31
20
23
73
-50
54
35
97
96
-93
56
3
64
-13
-3
92
17
86
-31
12
27
94
-88
-54
-46
-7
90
93
-19
49
43
62
-69
38
1
38
-59
-55
-86
-23
-9
-58
45
-20
-33
-11
-96
82
-41
50
-29
14
55
2
-51
3
2
10
94
-80
32
81
14
24
-18
-90
-33
35
-98
7
-72
38
18
56
22
29
-32
-74
-98
38
-60
87
21
83
81
-27
76
-62
-35
83
31
-86
-81
87
11
83
44
-13
54
-92
-83
24
0
90
6
94
-11
98
-77
-10
-23
75
34
26
-14
-61
77
-80
56
-96
5
62
-31
-86
-7
-89
54
-17
-31
-13
58
66
60
-81
-61
13
9
65
-60
-13
32
-60
4
-29
-24
-24
-58
74
-50
-2
3
15
-41
-68
23
-8
-81
81
-46
71
35
-39
-14
62
-41
-49
62
-4
-9
-21
-84
-98
78
-80
-23
48
-56
15
-1
-43
-97
26
-23
45
96
8
79
9
-63
99
19
-68
-98
-11
-91
-25
97
-60
-69
89
95
48
67
33
42
-96
67
55
-84
-73
7
97
84
-52
8
14
-71
-79
-2
49
-61
44
67
46
81
4
-59
53
77
-98
-41
-23
95
-45
-78
28
-81
-17
-8
45
24
44
-85
-72
-93
-18
48
99
-6
2
11
-2
99
51
80
-88
41
-38
-82
-46
55
87
11
-93
-54
-51
-78
-37
-12
9
-22
1
1
1
1
4
0
0
0
0
4
2
4
2
2
1
1
2
3
3
2
-1
