5
4
48
57
-81
-40
-88
61
-55
38
16
34
-89
-80
-9
37
-21
-91
-37
70
-71
-3
-67
-76
-90
-4
26
26
-25
22
19
-75
-33
40
30
60
9
-85
-1
98
75
41
58
81
61
8
-69
84
-79
-17
77
83
52
-79
-78
59
0
86
6
77
-4
93
91
-91
78
89
-20
-99
70
2
89
84
-32
-30
31
-37
6
40
73
-10
-11
35
-66
59
21
-29
-31
4
-16
94
-77
-35
-58
75
-72
-10
-83
-31
66
-48
-77
-38
24
-14
83
64
-50
61
32
-67
34
0
42
-55
-84
-40
85
31
-64
98
22
-76
34
-82
-84
-20
-68
73
-74
-2
2
98
51
12
-97
6
-85
-78
-19
17
-26
40
40
81
33
-63
-46
54
72
21
-58
92
15
-42
51
23
30
90
30
-35
6
55
-9
19
-5
87
60
-42
-49
-38
-77
-70
48
54
65
77
10
42
91
-91
32
38
-96
37
47
97
7
51
-37
20
-60
-53
-15
-68
78
89
-36
90
-2
12
78
97
-31
76
-23
-44
95
-65
20
56
62
-35
-68
-63
98
-11
11
40
37
-22
-65
79
9
99
85
63
23
94
24
48
39
-76
52
0
77
-76
-10
81
56
-63
-34
-77
88
77
43
-75
-13
-27
49
37
-75
-73
88
-85
96
-23
2
-78
-18
40
-80
64
84
-72
30
-17
74
-53
-56
-79
97
93
-58
77
-88
99
27
-56
-20
-36
-66
-26
-20
91
47
93
9
35
-74
-20
54
30
-25
-97
86
-80
-52
37
1
68
-72
-52
37
23
-53
-14
14
-92
71
21
-24
78
99
50
-43
-27
2
52
-8
-9
-55
-72
-87
-73
-67
38
-52
71
9
17
62
4
95
96
-22
-67
99
-93
87
81
16
-46
55
-69
-4
56
-21
-40
10
49
-67
-76
-83
4
8
70
-16
62
92
-83
70
-78
50
72
-7
-33
1
49
59
49
-18
-35
-99
85
79
-88
75
-7
-52
-87
-69
-98
-97
-59
28
89
95
78
-55
-21
0
61
36
91
54
7
-68
42
-8
83
-16
-98
-53
-17
-44
27
-65
33
84
-91
13
-27
32
38
-59
-40
87
-81
-98
55
-80
98
-79
-81
44
-26
19
31
77
1
59
-47
72
38
-39
91
99
87
56
31
-91
63
-40
57
33
3
-72
7
-58
-80
54
6
-95
21
74
13
37
5
56
21
-29
-71
69
6
-87
-25
-98
-57
58
-54
93
-56
58
-75
97
98
95
-5
38
-82
68
60
-76
52
1
30
-42
81
14
26
25
-10
7
37
-13
47
-96
-33
11
19
68
-50
46
-54
66
-82
-60
-1
40
78
-96
87
31
-94
37
68
-45
94
11
86
67
-42
13
82
97
10
21
72
19
-9
79
94
26
-10
30
-20
-66
-74
99
-67
-18
87
-78
20
21
46
85
-38
-4
-19
-99
12
73
-47
20
-52
15
1
-20
79
37
2
52
81
5
94
-83
-8
34
-94
30
84
48
54
-8
57
7
47
-54
-13
-23
-72
-20
19
-76
-17
-33
12
-68
-7
-48
-57
-46
47
44
-19
81
-94
96
43
-2
58
-45
9
43
36
57
7
-2
25
-35
52
27
67
-54
15
70
0
-80
-72
-44
-11
-19
-13
-86
-69
-93
-21
-74
93
-26
-1
29
70
91
38
71
-97
69
-99
-86
-34
41
-71
-84
-90
44
-99
29
54
6
57
-98
92
47
-18
91
9
-32
5
44
5
84
-36
-22
-10
-60
-95
-71
4
-96
-28
74
4
42
0
-24
-30
-15
22
16
15
-48
46
-41
67
-44
26
51
-38
29
34
-43
93
-18
15
-48
87
89
56
53
-85
16
53
81
79
78
-53
-28
-54
36
56
-93
17
52
-2
-81
40
-7
29
92
14
-88
-19
-25
-9
79
-55
-67
41
-54
5
48
26
41
-92
-85
89
73
-61
-34
40
55
9
-68
51
-56
4
-62
-8
88
-45
26
56
-87
-51
-97
-41
-13
77
-24
24
-41
-43
-83
-92
22
97
-41
-97
-52
-54
79
-27
-75
-18
60
97
-56
27
-27
-77
62
-37
-86
67
5
-64
33
27
-88
3
-15
93
2
-15
64
-21
46
84
-64
-84
-2
-84
-30
80
-9
-28
-89
71
63
14
-87
-18
-37
-81
-15
83
-83
-53
-51
6
17
8
59
63
94
-4
14
36
-49
73
-2
-99
-58
-94
21
21
-27
60
71
39
36
-56
-90
-47
-80
23
-53
-84
-20
19
96
58
-90
20
-94
-97
-19
-18
0
16
-98
-13
38
7
21
-26
22
-38
-60
-18
-9
-99
9
71
-93
-81
-75
-26
60
-7
-23
85
10
88
79
-28
33
54
-76
-14
42
-60
66
34
62
-61
89
-66
-91
3
71
-43
45
-4
-54
96
5
-40
37
-43
93
-79
-85
84
50
7
-97
-90
97
-73
-21
-75
-33
24
40
-63
39
-87
90
74
-93
-19
36
79
70
-13
-10
89
31
-10
-55
10
-98
-23
-34
10
-95
65
26
90
19
1
35
61
-50
-7
60
-78
-57
88
-37
-51
-30
-10
0
-20
-48
88
-49
-58
-85
20
-16
21
-2
77
-10
-44
18
-65
-70
59
14
-5
-99
-54
77
-51
-95
-96
-14
9
40
-69
14
75
-50
-76
25
-6
-97
-46
61
23
76
-91
77
22
32
-34
95
52
11
-50
-44
14
-76
99
91
-99
65
4
-49
50
0
0
0
0
0
4
1
2
1
1
1
2
1
1
0
0
0
3
0
0
0
0
0
4
2
2
2
1
2
2
-1
