3
5
-40
63
-51
30
-14
31
8
85
-73
-49
-70
-62
92
25
-88
-53
5
87
-58
65
-88
78
61
-88
40
1
-75
-74
47
88
-90
1
-51
-88
-11
19
-30
-57
51
54
-29
-94
-42
40
-7
59
38
-68
-77
12
-28
99
96
51
42
25
2
22
-48
33
-19
58
73
91
-30
63
15
-56
-2
0
-57
94
89
-81
26
30
79
83
-58
-7
-88
41
-19
-3
60
-1
1
34
-89
-44
-29
98
12
-41
43
4
22
-44
58
-76
46
23
-34
-91
42
-43
75
-80
23
-5
68
19
45
-16
60
-44
19
7
1
30
-78
12
10
-45
81
0
0
0
2
1
1
1
4
0
0
1
2
-1
