4
4
-56
-30
-8
43
-5
58
-35
57
91
91
44
-9
5
67
67
4
41
11
-28
-75
-10
-81
16
-42
-83
-29
24
26
3
-50
-71
-95
17
4
-35
-30
-89
-25
9
6
-92
-61
-74
22
-49
49
5
47
-53
-17
45
67
11
91
-71
22
77
14
-68
-47
25
57
18
-23
-5
58
57
56
64
61
-69
-19
-31
4
52
91
-93
-79
72
82
42
-24
-98
63
-85
87
6
48
-42
78
43
-31
-36
3
80
-98
57
-31
-71
-25
14
-33
45
-41
60
-52
-5
-70
-57
25
81
-34
-76
-30
92
-21
18
-44
-76
46
-17
29
11
49
69
99
94
-64
-62
-85
22
53
2
-53
-4
-65
65
-76
-75
-90
61
13
41
59
42
34
84
22
-8
89
-55
63
89
67
71
-36
10
-92
-44
87
33
66
10
34
30
-28
76
26
26
-72
8
22
-66
57
-94
34
50
-6
-59
-82
91
72
-42
2
72
35
-51
34
58
30
56
-38
-69
55
-84
19
-86
-64
75
-96
64
41
25
0
17
34
70
-85
97
-99
67
9
-38
54
59
-86
-87
74
33
-4
73
-17
-23
-47
41
59
-25
37
92
-33
20
85
84
-98
-10
-19
-22
0
-90
-49
-82
-99
-80
-45
10
69
-29
65
-89
51
-4
98
71
5
-95
78
2
2
1
2
1
-1
